160489862
157936350
162128293
162130889
162133273
159617746
162133689
162134774
162135569
160843366
162137348
162137301
161657572
162139900
154399205
162142391
162144213
160605728
162146917
162142521
161206689
162132492
162150236
162152161
161427188
162148126
162154332
162155296
158854486
161194457
160728167
162091503
162091593
161091602
162092799
162097860
162100781
162102261
162103912
161626159
154251633
162108667
161035414
160974165
161228008
157168634
162114227
161948356
162115637
162126484
161331497
162130257
153636483
162138122
162138357
158513833
162142462
162155314
162155516
160547942
162156960
162199740
162200311
155402892
162197979
156627098
162202072
162202782
162202841
162204107
162202576
162204308
162039734
162196511
162204901
158757010
162205799
161360185
162206556
162206603
162206743
162206961
162192194
162203487
161966569
162209724
161799219
161560705
162211675
162212251
160001274
162172110
161634092
162173348
162003024
162174808
161354405
162177218
162178902
162112869
162181961
162183211
162188895
162186454
162195709
162196184
162196220
162193332
162196890
162196335
162200009
162201446
162201530
162201839
158272759
160651459
161785910
160209205
162214955
162215255
162213458
162214042
162216035
160548541
162216262
162216829
162218124
162218731
162219742
162218008
162220165
159783866
162220812
162220231
162222131
162222588
160834466
162224787
162223485
162225732
161244518
162226122
157789403
162225868
162228339
162229019
162230248
162230972
162228914
154256927
159107595
156951388
159355191
162237343
162238756
162239322
162239401
162239864
161274154
161870483
162240582
162241045
162241451
162242431
161953408
161952245
162243119
162243520
162244812
162245474
153563975
162040126
162325936
162326527
159826225
162322113
162328685
155422080
162329798
162331998
162332037
162332127
157598493
162332839
162333139
162333694
162333923
162335696
152602386
162338317
162339227
150955875
161553508
162341227
162341808
162344235
162346168
162277501
161987726
162279051
162288143
162289335
162286854
162288267
162289952
160591348
162296665
162290932
159390010
162301981
162298004
162300227
162309274
162308605
161173547
162314540
162319038
162319977
159974287
162328930
162340062
162337496
162343400
162342011
162346538
