214109
265250
758754
724512
758755
382287
732234
758756
758757
674486
755805
663221
726882
588833
498470
748880
756719
407305
751002
757980
728071
307860
117312
755095
418143
593490
530456
758394
757394
490869
758763
758764
757257
758765
755987
758156
748048
755993
758416
752490
599252
284885
759010
759011
187621
733026
759012
734453
734456
759013
759014
758636
523673
755231
759017
758013
756857
759018
758108
758070
758117
757928
758309
758339
757792
757674
757795
757802
757806
749490
744398
759020
759021
60493
738062
754927
558758
682058
759025
736882
756906
759027
723501
759030
632531
751798
759032
327483
47364
759034
759038
758574
757958
713693
750026
759040
759041
759042
759043
758604
759044
759045
750146
751768
752372
755635
757656
757713
757744
759046
634166
758727
755219
759047
759048
561178
635587
316530
755273
752491
653398
758689
713711
759053
682941
645644
722581
756964
759055
759057
757278
685399
757526
758547
757956
759058
759059
759060
757853
751175
731309
758661
759062
758734
238964
758159
709426
759063
753781
759064
758261
691468
759066
754907
759068
736633
715679
759069
759070
339095
758585
574849
759071
759072
571340
755766
757051
234602
759074
759076
679650
759077
101627
610638
588774
749849
753275
759082
293470
284005
743648
758662
746638
759083
759084
752640
734301
759085
622874
755067
756226
753352
759087
757565
705156
600234
757415
668816
759090
754258
757616
758035
759092
759358
759360
759361
759363
361579
684434
759364
758504
759368
759370
759371
553486
755086
648559
757873
759373
731789
759374
759377
31350
643573
759378
759379
743162
759380
635670
754417
759382
