15161956
15161959
15161969
15161995
15162000
15162009
15162017
15162023
15162039
15162082
15162086
15162092
15162093
15162204
15162214
15162220
15162224
15162228
15160607
15162269
15160975
15159372
15135182
15118708
15106001
15160974
15153892
15153227
15144598
15142371
15160206
15158511
15145157
15144596
15095775
15160205
15159373
15150871
15083868
15162688
15162711
15162743
15162796
15162858
15162870
15162875
15162889
15162892
15162901
15162907
15162986
15163000
15163006
15163028
15163032
15163043
15163060
15163118
15162951
15163247
15163268
15141675
15163325
